20
1 1
1 3
1 5
1 7
1 9
1 16
1 20
2 10
2 12
2 14
3 1
3 3
3 5
3 7
3 9
3 19
4 10
4 12
5 1
5 3
5 5
5 16
6 6
6 8
6 10
6 11
6 12
6 18
7 1
7 3
7 5
7 12
7 14
7 15
7 16
7 17
7 18
7 20
8 4
8 9
8 11
8 20
9 2
9 7
9 13
9 15
9 19
10 2
10 4
10 6
10 10
10 11
10 19
11 8
11 12
11 17
12 2
12 4
12 6
12 14
12 16
13 6
13 8
13 14
14 2
14 4
14 9
14 15
14 16
14 19
15 5
15 6
15 13
15 15
15 20
16 1
16 5
16 12
16 17
16 18
16 20
17 6
17 12
17 20
18 2
18 3
18 4
18 6
18 7
18 8
18 11
18 17
19 8
19 14
19 15
20 2
20 4
20 6
20 16
