30
20 6
30 23
20 15
16 1
9 28
12 23
28 25
12 24
23 17
27 1
15 28
11 3
8 25
4 19
22 7
21 13
25 6
29 21
20 1
11 16
18 7
27 29
22 24
27 21
30 8
12 8
2 2
19 25
15 6
28 16
1 12
28 24
28 10
30 10
14 24
2 29
6 27
16 4
23 24
11 7
28 2
10 15
18 15
12 10
22 9
27 19
6 7
22 27
3 15
13 12
27 22
18 4
16 12
3 30
25 15
21 19
12 28
13 7
13 24
26 1
13 4
1 28
25 7
10 23
23 3
9 20
18 8
4 30
22 11
9 1
16 27
16 14
7 7
26 30
17 8
7 22
27 30
25 9
17 3
28 19
24 30
3 23
27 18
19 3
23 4
6 17
1 18
14 7
21 5
22 22
13 6
6 3
5 16
8 4
23 25
6 30
9 7
16 2
17 7
22 6
5 8
19 21
1 3
13 3
21 4
27 13
26 23
4 6
30 7
6 19
11 12
17 9
19 16
25 16
1 2
8 28
15 5
28 3
2 1
20 10
3 2
23 19
20 25
2 18
4 1
27 25
26 5
8 22
11 22
11 26
22 25
10 27
11 20
30 6
17 26
3 10
14 18
26 16
27 23
21 21
2 27
13 13
7 10
1 10
28 20
6 13
11 1
1 7
12 4
16 25
6 23
19 2
27 28
13 16
30 17
21 17
9 9
3 7
28 21
25 11
8 24
16 13
9 8
3 26
28 14
15 22
13 11
23 18
29 19
22 21
9 15
21 25
13 18
18 28
28 11
7 24
26 11
4 14
18 18
7 21
28 23
5 27
27 14
26 6
28 5
11 18
2 22
2 6
24 24
8 29
28 27
24 9
24 18
1 15
21 20
2 23
4 3
17 13
3 17
9 16
21 15
9 25
29 24
11 24
14 16
10 2
19 23
22 3
5 28
28 29
28 15
8 1
25 24
11 2
9 22
12 19
6 29
23 16
1 17
10 13
18 24
4 11
18 2
4 13
24 28
30 9
9 13
18 17
19 8
11 25
22 19
8 16
11 13
25 30
15 26
27 17
14 14
19 26
29 4
24 11
16 18
18 9
6 21
12 2
16 10
3 16
27 20
12 14
6 14
8 26
4 2
12 21
12 29
30 24
23 8
21 16
4 17
27 11
11 11
23 2
8 17
20 13
14 26
16 3
2 12
28 13
16 8
16 17
5 5
2 3
29 12
13 9
23 15
24 26
17 11
13 22
30 25
27 10
11 21
1 19
10 9
11 9
1 16
10 11
28 8
26 10
7 13
5 24
8 12
8 10
9 26
15 7
20 5
4 9
8 30
25 13
26 14
15 27
23 5
29 26
1 1
1 18
2 2
3 1
10 1
11 2
11 23
12 3
12 9
12 22
16 26
17 8
18 3
18 8
29 25
30 24
