40
23 21
28 11
7 29
33 32
29 20
25 3
5 18
36 3
32 31
40 6
34 29
19 37
7 19
32 27
1 1
10 24
18 31
18 20
27 32
34 11
15 22
7 3
29 2
21 2
14 18
17 31
19 15
27 22
10 39
2 39
3 6
30 21
29 17
27 11
22 27
6 31
37 19
27 6
12 23
19 13
31 1
13 1
9 5
40 20
6 38
14 38
12 1
9 19
39 10
3 14
22 18
34 25
12 33
30 34
11 12
37 30
23 14
13 16
3 17
39 31
9 33
20 6
31 13
26 40
1 36
5 19
4 33
12 22
24 22
8 19
2 18
40 10
25 39
4 21
9 23
40 7
4 35
11 15
23 8
30 26
7 28
16 3
13 24
14 29
26 39
29 21
31 27
12 4
32 32
13 22
5 21
3 33
9 13
11 5
25 15
19 26
16 13
33 31
36 6
13 30
35 9
3 13
2 22
1 23
31 30
22 7
36 39
6 13
6 34
9 24
11 34
21 17
9 40
33 38
15 40
2 40
13 25
37 21
5 27
8 12
6 7
36 31
19 29
21 24
6 8
32 15
10 15
33 2
33 23
4 20
39 8
14 17
21 28
6 3
29 12
37 33
29 1
39 19
11 6
36 27
2 27
9 6
3 11
23 23
24 10
19 5
3 39
26 19
11 22
31 10
28 37
11 17
7 31
36 13
29 8
9 2
28 2
8 26
28 18
21 23
10 26
20 22
39 3
1 14
23 20
16 22
20 39
7 14
24 19
35 2
10 11
1 33
38 4
26 24
39 34
8 5
1 29
6 18
33 1
24 31
13 6
39 14
18 4
35 35
32 3
12 12
17 16
35 12
40 24
27 38
8 14
27 25
18 26
40 28
31 8
2 4
6 6
11 27
40 39
19 12
13 3
6 23
8 11
22 11
6 40
33 12
23 38
21 35
16 30
8 36
20 12
37 27
33 5
18 38
37 22
19 18
17 3
38 3
7 37
14 28
18 32
24 14
25 2
19 32
28 28
36 34
37 11
29 15
2 33
19 3
12 14
30 20
15 32
4 11
37 26
17 4
31 24
16 19
9 37
5 24
1 4
8 21
10 7
14 27
13 31
8 22
18 35
27 2
5 28
8 15
4 1
11 25
36 11
18 12
5 32
37 32
17 19
7 8
1 39
38 10
12 13
17 20
12 30
25 19
13 20
33 4
23 15
14 36
18 7
22 28
10 40
36 14
10 32
2 36
33 19
4 13
28 31
9 16
13 21
26 27
37 2
27 7
30 17
7 24
24 16
38 26
22 19
11 2
16 31
2 20
1 18
24 20
8 39
1 22
23 30
21 9
38 40
14 1
6 39
13 9
14 26
4 28
7 21
30 16
37 24
11 4
27 30
40 27
8 7
20 30
31 26
18 6
7 20
26 9
32 13
18 1
30 24
9 22
23 16
5 31
31 39
38 16
26 14
14 32
24 39
22 24
13 17
13 10
27 21
35 40
8 8
17 12
2 14
19 25
36 7
5 13
15 10
16 4
2 5
8 34
19 36
6 33
7 26
22 12
22 34
9 31
36 40
26 21
36 22
4 37
37 14
10 29
11 14
25 21
32 40
27 16
2 6
28 30
18 40
12 16
29 40
15 20
16 11
36 29
26 29
20 13
29 22
24 27
21 15
32 18
7 25
36 36
16 38
16 18
30 35
2 15
3 9
25 25
18 10
17 1
24 38
1 32
21 34
36 32
19 34
22 21
30 19
30 2
4 31
18 18
33 18
17 33
38 13
1 5
9 14
17 9
5 39
29 10
25 30
39 26
37 38
25 20
26 23
35 24
30 5
8 37
39 28
38 30
11 40
30 28
2 30
28 22
29 9
18 33
18 9
4 14
14 25
30 4
27 40
7 34
6 29
37 40
15 13
26 4
24 5
3 32
28 25
18 19
6 1
12 27
21 8
22 10
18 23
25 35
39 15
21 16
13 23
33 10
22 14
3 40
9 36
34 14
13 2
22 22
17 7
29 36
14 20
19 39
1 10
25 11
24 4
7 32
12 7
30 13
36 24
4 24
19 17
27 37
12 39
27 36
2 35
5 1
12 29
6 27
6 20
40 14
40 17
3 38
15 5
25 4
24 9
33 28
21 27
24 18
20 23
11 20
34 31
19 21
4 22
25 5
3 15
9 39
27 28
33 6
6 30
25 18
29 4
12 10
11 23
22 16
23 22
17 29
24 34
4 3
7 17
4 4
31 17
8 31
17 17
4 27
31 11
10 1
26 26
7 1
5 15
10 10
20 11
27 24
40 31
6 15
6 25
10 30
3 1
38 19
23 12
3 25
17 39
21 32
1 34
17 37
10 6
3 4
26 28
35 20
18 17
33 33
29 24
4 9
2 8
29 29
38 9
15 6
7 40
22 40
34 1
2 37
35 5
28 39
36 38
15 2
15 30
38 14
23 34
24 36
21 5
18 28
37 18
37 36
5 35
40 19
23 24
38 31
22 31
7 10
23 3
37 9
39 22
12 15
12 40
14 35
12 26
13 12
16 5
31 12
29 38
19 38
27 23
7 13
26 34
15 18
5 37
33 17
28 3
12 36
22 13
7 27
5 26
18 21
36 16
5 10
1 21
28 27
34 36
2 31
24 7
30 14
6 21
20 28
9 30
11 37
29 19
26 12
27 10
11 3
35 15
24 1
38 12
9 11
20 18
31 32
1 22
1 33
1 35
1 40
2 32
3 14
4 32
5 20
5 27
6 19
6 24
6 26
6 28
6 32
8 13
8 40
9 15
10 40
11 1
11 26
13 1
17 18
17 38
18 39
22 15
22 23
23 22
24 15
24 21
25 4
25 19
26 25
27 39
28 38
28 40
30 1
36 40
37 31
