50
13 33
1 39
45 8
28 30
33 48
2 40
11 10
5 50
13 4
16 16
3 28
29 29
40 27
20 39
6 38
9 8
6 34
33 33
29 48
11 49
5 47
44 30
31 29
22 12
11 14
4 12
34 37
5 42
36 8
41 48
24 18
49 17
49 43
31 4
40 32
18 39
23 23
39 11
13 31
4 30
33 27
25 23
36 6
50 4
24 44
31 23
2 39
14 27
44 12
46 26
30 35
34 38
28 40
12 35
17 18
47 41
43 2
3 4
22 5
26 24
17 33
41 13
43 16
32 35
41 22
11 8
37 31
47 30
2 33
33 10
49 8
9 28
26 13
47 19
11 9
32 24
48 48
38 5
10 30
1 44
21 46
1 47
45 19
44 35
29 49
15 4
5 7
5 48
3 35
37 48
49 15
11 24
28 36
2 37
49 10
42 27
10 32
27 49
11 33
19 29
16 45
20 41
35 26
49 32
30 13
35 37
33 30
35 45
13 30
20 30
27 13
2 31
30 49
24 14
11 17
9 16
25 8
43 34
49 14
19 46
50 23
42 4
9 31
38 4
40 12
21 4
1 34
37 42
27 40
13 47
39 50
40 30
43 35
4 41
1 6
42 37
45 34
21 39
11 1
29 35
15 8
20 5
47 39
15 10
50 49
21 43
45 1
11 44
10 23
2 12
35 17
50 36
12 34
26 31
45 18
43 46
46 8
2 26
46 4
8 14
27 28
11 41
8 5
39 12
49 42
45 47
30 2
36 11
42 11
22 18
26 10
13 19
47 24
37 24
19 41
4 18
36 17
31 21
31 1
6 7
16 41
24 10
13 14
35 11
34 39
8 30
15 39
42 31
33 34
1 28
41 30
15 15
17 14
20 15
8 44
27 31
21 32
9 49
36 12
49 31
39 41
5 16
42 25
47 37
44 2
50 15
19 36
39 38
42 10
7 34
48 29
33 41
15 42
16 8
47 46
31 46
19 16
47 18
28 21
22 6
41 35
46 37
29 36
12 45
34 50
27 41
8 15
35 47
11 11
26 39
20 38
50 44
34 20
49 21
38 7
14 45
14 8
20 49
23 49
17 16
35 9
2 32
1 16
41 21
22 20
3 16
9 43
50 37
36 15
27 14
33 5
34 44
18 42
14 5
46 21
5 5
27 23
25 38
25 19
46 32
25 25
47 13
49 18
5 13
14 15
19 26
32 40
6 40
41 38
19 27
15 18
29 30
19 25
11 15
1 13
14 16
34 7
11 29
47 43
15 41
27 29
1 1
20 10
8 11
35 21
19 37
35 41
27 12
30 17
27 6
11 12
21 38
24 27
50 31
34 48
4 26
13 40
33 13
39 34
27 25
13 2
40 42
45 15
12 12
16 27
24 19
39 4
19 32
39 22
5 18
5 8
35 15
32 21
47 7
34 33
5 21
1 49
22 14
7 21
20 28
8 46
45 42
15 40
43 45
4 2
22 23
36 46
44 36
2 4
44 6
40 43
3 24
42 5
48 27
5 2
3 39
7 11
29 5
17 41
8 45
8 34
38 3
5 45
46 16
29 44
13 43
48 22
47 10
32 10
24 11
2 3
42 46
38 50
4 42
24 30
24 4
17 49
26 29
11 21
37 39
6 11
49 19
35 28
35 48
18 47
25 35
49 49
22 34
27 7
37 5
7 1
35 12
8 8
2 10
10 46
21 47
19 14
39 5
41 49
3 22
49 12
30 41
46 28
10 49
36 14
13 15
22 30
48 33
28 13
16 18
30 34
12 40
43 6
14 7
4 25
28 25
18 12
38 9
13 39
32 2
3 26
34 19
16 21
40 28
33 40
5 30
32 5
18 1
49 45
10 38
24 49
38 19
46 27
30 26
16 1
43 10
17 11
46 20
13 48
30 43
43 24
34 29
3 27
24 23
31 5
11 25
9 39
4 6
46 3
19 3
23 18
32 46
15 28
2 44
47 21
21 37
10 44
47 20
22 29
29 20
7 42
10 42
33 16
21 9
4 10
50 30
19 19
7 40
16 35
7 12
8 19
39 29
50 18
40 9
23 17
19 18
8 38
12 39
35 27
3 17
3 25
5 32
4 50
5 11
6 2
11 20
21 48
15 35
32 32
49 7
7 14
42 22
2 49
5 33
1 38
18 21
40 15
33 14
31 6
22 24
32 33
19 13
10 47
39 28
16 36
25 45
18 49
7 50
34 1
37 25
24 41
18 9
21 12
36 49
30 45
8 2
36 37
19 20
2 13
25 33
25 13
8 22
15 46
13 6
9 20
4 44
21 7
33 43
29 11
2 2
7 16
16 3
41 46
16 31
22 1
31 41
7 38
50 34
49 35
47 14
18 2
36 27
17 19
16 39
22 35
19 42
31 30
27 27
18 48
12 46
30 1
16 37
20 8
38 30
18 36
20 46
17 24
45 16
49 48
24 13
2 15
16 10
50 21
21 49
38 29
48 16
16 19
28 46
44 17
39 25
48 30
33 12
34 41
41 28
50 13
16 26
41 39
13 24
31 14
9 29
27 18
41 1
12 43
14 46
5 9
15 2
22 22
36 4
27 37
43 12
24 25
45 38
17 39
19 30
43 22
47 12
25 47
13 17
38 23
46 41
32 29
4 8
39 36
2 24
21 13
48 3
19 40
16 6
15 12
25 10
36 25
23 12
33 49
31 44
27 10
18 25
38 40
24 31
41 41
19 7
18 22
14 36
2 5
46 14
8 27
20 19
1 31
50 16
29 28
8 33
16 38
24 12
33 24
12 21
39 15
7 29
18 18
20 1
3 33
6 9
23 47
38 34
33 44
25 36
8 42
11 42
30 33
13 11
32 15
41 40
23 31
28 12
23 4
28 7
36 29
19 34
34 30
48 18
24 32
23 38
24 40
38 14
26 50
7 32
31 11
40 50
29 43
31 13
48 7
45 43
18 11
20 2
42 45
39 40
19 2
40 23
43 38
28 34
33 39
26 25
31 36
3 1
29 42
26 43
31 43
46 31
6 50
31 31
24 38
13 7
39 14
44 42
14 2
16 23
2 25
45 50
17 46
29 23
29 33
37 19
39 43
23 33
12 6
27 50
24 16
25 1
39 21
31 8
21 44
37 44
40 41
13 10
23 46
43 43
5 34
42 36
3 36
37 10
18 44
29 2
30 22
27 45
26 8
35 29
25 48
13 1
18 46
48 25
35 35
38 38
28 8
29 9
48 15
25 14
31 39
39 3
30 24
1 7
41 37
23 43
8 49
13 5
29 41
35 6
31 18
23 7
3 31
41 19
44 31
28 39
48 36
22 16
3 44
3 43
36 10
24 2
37 41
9 14
40 44
24 24
45 26
23 11
36 41
37 29
32 44
18 38
33 2
42 24
2 48
12 47
8 21
19 43
15 6
10 22
37 28
39 47
45 3
27 17
9 18
6 13
6 41
33 32
17 26
1 48
28 26
11 36
43 18
2 47
21 27
38 37
24 39
30 14
9 15
34 9
46 30
32 17
19 5
16 29
39 18
20 48
36 42
2 34
26 7
23 36
1 29
48 32
7 15
33 18
46 10
45 20
13 25
46 36
22 41
8 28
25 12
3 5
27 1
22 10
7 4
13 3
13 21
11 5
44 22
9 36
11 13
28 17
43 21
9 47
44 9
17 13
22 2
12 49
32 45
6 1
29 24
16 32
47 8
27 9
5 43
46 22
6 32
4 7
9 21
15 26
1 26
21 8
3 30
31 12
29 45
21 26
14 43
49 37
7 22
47 42
35 1
22 32
26 18
48 21
3 7
23 42
46 9
8 48
41 2
13 29
22 44
40 3
20 31
2 22
6 31
42 12
20 18
47 1
15 16
24 15
11 47
22 48
50 33
12 32
22 36
2 38
39 10
30 39
29 13
24 34
34 45
32 27
31 20
17 5
36 13
4 13
35 2
41 25
13 35
39 19
14 34
18 32
4 33
13 41
11 18
32 26
42 20
9 17
43 9
17 42
7 25
30 28
24 22
9 4
2 43
50 7
2 36
28 28
14 44
46 6
22 33
14 40
17 23
14 22
5 31
23 26
1 48
2 1
2 39
3 25
3 26
4 7
4 43
8 29
9 30
12 33
13 34
13 40
14 6
14 35
15 27
19 1
21 48
23 32
24 12
24 23
24 33
25 13
25 24
27 8
27 13
28 29
29 34
30 23
30 44
31 45
33 33
36 28
42 21
49 16
49 18
49 36
50 14
50 17
50 32
50 35
